MIS(17) = 0.968761010
MIS(571) = 0.843570170
MIS(131) = 0.802113917
MIS(856) = 0.797768644
MIS(646) = 1.655196712
MIS(625) = 0.642513212
MIS(2427) = 1.611978861
MIS(6782) = 1.610569583
MIS(213) = 1.534468585
MIS(3500) = 1.502524956
MIS(214) = 1.495478567
MIS(7859) = 1.467997651
MIS(6366) = 1.406811509
MIS(244) = 1.406106870
MIS(3417) = 1.351379918
MIS(2002) = 0.344333529
MIS(2013) = 0.330475631
MIS(3876) = 0.284556665
MIS(18) = 0.280093952
MIS(373) = 0.279976512
MIS(910) = 0.262830299
MIS(8687) = 0.222196124
MIS(2003) = 0.214562537
SDC = 0.4